r1: 1.0, r2: 2.0, r3: 3.0, r4: 4.0, e1: 5.0, e2: 6.0

Here is the augmented matrix:
[[-1.  1. -1.  0.  0.  0.  0.]
 [-1.  1.  0. -1.  0.  0.  0.]
 [ 0.  0. -1.  0.  1. -1.  0.]
 [ 0.  0.  0. -1.  1. -1.  0.]
 [-1. -2.  0.  0.  0.  0.  5.]
 [ 0.  0.  0.  0.  3.  4.  6.]]

And here is the RREF matrix:
[[ 1.          0.          0.          0.          0.         -1.55555556
  -3.        ]
 [ 0.          1.          0.          0.          0.          0.77777778
  -1.        ]
 [ 0.          0.          1.          0.          0.          2.33333333
   2.        ]
 [ 0.          0.          0.          1.          0.          2.33333333
   2.        ]
 [ 0.          0.          0.          0.          1.          1.33333333
   2.        ]
 [ 0.          0.          0.          0.          0.          0.
   0.        ]]